NNstart
13 6
neuron 1 0.000000000000000000 0.000000000000000000 0.000000000000000000 0.000000000000000000 1 0.000000000000000000
neuron 1 0.000000000000000000 0.000000000000000000 0.000000000000000000 0.000000000000000000 1 0.000000000000000000
neuron 1 0.000000000000000000 0.000000000000000000 0.000000000000000000 0.000000000000000000 1 0.000000000000000000
neuron 1 0.000000000000000000 0.000000000000000000 0.000000000000000000 0.000000000000000000 1 0.000000000000000000
neuron 1 0.000000000000000000 0.000000000000000000 0.000000000000000000 0.000000000000000000 1 0.000000000000000000
neuron 1 0.000000000000000000 0.000000000000000000 0.000000000000000000 0.000000000000000000 1 0.000000000000000000
neuron 1 0.000000000000000000 0.000000000000000000 0.000000000000000000 0.000000000000000000 1 0.000000000000000000
neuron 1 0.000000000000000000 0.000000000000000000 0.000000000000000000 0.000000000000000000 1 0.000000000000000000
neuron 1 0.000000000000000000 0.000000000000000000 0.000000000000000000 0.000000000000000000 1 0.000000000000000000
neuron 1 0.000000000000000000 0.000000000000000000 0.000000000000000000 0.000000000000000000 1 0.000000000000000000
neuron 1 0.000000000000000000 0.000000000000000000 0.000000000000000000 0.000000000000000000 1 0.000000000000000000
neuron 1 0.000000000000000000 0.000000000000000000 0.000000000000000000 0.000000000000000000 1 0.000000000000000000
neuron 2 0.000000000000000000 0.000000000000000000 0.000000000000000000 0.000000000000000000 1 0.000000000000000000
neuron 4 1.000000000000000000 0.000000000000000000 0.000000000000000000 0.000000000000000000 2 1.000000000000000000
neuron 4 1.000000000000000000 0.000000000000000000 0.000000000000000000 0.000000000000000000 2 1.000000000000000000
neuron 4 1.000000000000000000 0.000000000000000000 0.000000000000000000 0.000000000000000000 2 1.000000000000000000
neuron 4 1.000000000000000000 0.000000000000000000 0.000000000000000000 0.000000000000000000 2 1.000000000000000000
neuron 4 1.000000000000000000 0.000000000000000000 0.000000000000000000 0.000000000000000000 2 1.000000000000000000
neuron 4 1.000000000000000000 0.000000000000000000 0.000000000000000000 0.000000000000000000 2 1.000000000000000000
connection 0 13 -0.601518647046759725 0 0.299999999999999989 0.100000000000000006
connection 1 13 0.628181573702022433 0 0.299999999999999989 0.100000000000000006
connection 2 13 -0.160851228982210159 0 0.299999999999999989 0.100000000000000006
connection 3 13 0.067920247092843056 0 0.299999999999999989 0.100000000000000006
connection 4 13 0.155853320611640811 0 0.299999999999999989 0.100000000000000006
connection 5 13 -0.062061927746981382 0 0.299999999999999989 0.100000000000000006
connection 6 13 0.120259302435442805 0 0.299999999999999989 0.100000000000000006
connection 7 13 0.361342594027519226 0 0.299999999999999989 0.100000000000000006
connection 8 13 -0.461644651135429740 0 0.299999999999999989 0.100000000000000006
connection 9 13 -0.313956385944038630 0 0.299999999999999989 0.100000000000000006
connection 10 13 0.165987775195389986 0 0.299999999999999989 0.100000000000000006
connection 11 13 0.005482995649799705 0 0.299999999999999989 0.100000000000000006
connection 12 13 -0.322785578900948167 0 0.299999999999999989 0.100000000000000006
connection 0 14 -0.216189273633062840 0 0.299999999999999989 0.100000000000000006
connection 1 14 -0.049172719242051244 0 0.299999999999999989 0.100000000000000006
connection 2 14 0.274134952574968338 0 0.299999999999999989 0.100000000000000006
connection 3 14 0.004004975780844688 0 0.299999999999999989 0.100000000000000006
connection 4 14 -0.064820584608241916 0 0.299999999999999989 0.100000000000000006
connection 5 14 0.115600374992936850 0 0.299999999999999989 0.100000000000000006
connection 6 14 -0.088913281681016088 0 0.299999999999999989 0.100000000000000006
connection 7 14 -0.250792498933151364 0 0.299999999999999989 0.100000000000000006
connection 8 14 -0.443849009694531560 0 0.299999999999999989 0.100000000000000006
connection 9 14 -0.462626961525529623 0 0.299999999999999989 0.100000000000000006
connection 10 14 0.399935999186709523 0 0.299999999999999989 0.100000000000000006
connection 11 14 0.733324289787560701 0 0.299999999999999989 0.100000000000000006
connection 12 14 0.350639196578413248 0 0.299999999999999989 0.100000000000000006
connection 0 15 0.360572563484311104 0 0.299999999999999989 0.100000000000000006
connection 1 15 0.645468276226893067 0 0.299999999999999989 0.100000000000000006
connection 2 15 0.220515830907970667 0 0.299999999999999989 0.100000000000000006
connection 3 15 0.312802614411339164 0 0.299999999999999989 0.100000000000000006
connection 4 15 -0.960885740816593170 0 0.299999999999999989 0.100000000000000006
connection 5 15 0.412926533725112677 0 0.299999999999999989 0.100000000000000006
connection 6 15 0.461157930316403508 0 0.299999999999999989 0.100000000000000006
connection 7 15 -0.223232067655771971 0 0.299999999999999989 0.100000000000000006
connection 8 15 0.824646920431405306 0 0.299999999999999989 0.100000000000000006
connection 9 15 -0.224936348386108875 0 0.299999999999999989 0.100000000000000006
connection 10 15 0.455926034599542618 0 0.299999999999999989 0.100000000000000006
connection 11 15 0.019356311997398734 0 0.299999999999999989 0.100000000000000006
connection 12 15 0.290515367873013020 0 0.299999999999999989 0.100000000000000006
connection 0 16 -0.049343433929607272 0 0.299999999999999989 0.100000000000000006
connection 1 16 0.096774764591827989 0 0.299999999999999989 0.100000000000000006
connection 2 16 -0.016278241761028767 0 0.299999999999999989 0.100000000000000006
connection 3 16 -0.239046711707487702 0 0.299999999999999989 0.100000000000000006
connection 4 16 -0.233587105758488178 0 0.299999999999999989 0.100000000000000006
connection 5 16 0.925214689224958420 0 0.299999999999999989 0.100000000000000006
connection 6 16 -0.427375088678672910 0 0.299999999999999989 0.100000000000000006
connection 7 16 0.230920384870842099 0 0.299999999999999989 0.100000000000000006
connection 8 16 0.066917911637574434 0 0.299999999999999989 0.100000000000000006
connection 9 16 0.514487551990896463 0 0.299999999999999989 0.100000000000000006
connection 10 16 -0.215460250386968255 0 0.299999999999999989 0.100000000000000006
connection 11 16 -0.378070588922128081 0 0.299999999999999989 0.100000000000000006
connection 12 16 0.111577174626290798 0 0.299999999999999989 0.100000000000000006
connection 0 17 0.814284347463399172 0 0.299999999999999989 0.100000000000000006
connection 1 17 0.304752602940425277 0 0.299999999999999989 0.100000000000000006
connection 2 17 -0.690235694637522101 0 0.299999999999999989 0.100000000000000006
connection 3 17 -0.099093622528016567 0 0.299999999999999989 0.100000000000000006
connection 4 17 -0.302847664570435882 0 0.299999999999999989 0.100000000000000006
connection 5 17 0.327069584513083100 0 0.299999999999999989 0.100000000000000006
connection 6 17 -0.748261322965845466 0 0.299999999999999989 0.100000000000000006
connection 7 17 0.239776562200859189 0 0.299999999999999989 0.100000000000000006
connection 8 17 0.078300259076058865 0 0.299999999999999989 0.100000000000000006
connection 9 17 0.349221181124448776 0 0.299999999999999989 0.100000000000000006
connection 10 17 0.347205924801528454 0 0.299999999999999989 0.100000000000000006
connection 11 17 0.383877050830051303 0 0.299999999999999989 0.100000000000000006
connection 12 17 -0.028595292940735817 0 0.299999999999999989 0.100000000000000006
connection 0 18 0.633467689855024219 0 0.299999999999999989 0.100000000000000006
connection 1 18 -0.005669541191309690 0 0.299999999999999989 0.100000000000000006
connection 2 18 -0.882515877252444625 0 0.299999999999999989 0.100000000000000006
connection 3 18 -0.499843483325093985 0 0.299999999999999989 0.100000000000000006
connection 4 18 0.081982046598568559 0 0.299999999999999989 0.100000000000000006
connection 5 18 -0.546018274733796716 0 0.299999999999999989 0.100000000000000006
connection 6 18 0.002333584707230330 0 0.299999999999999989 0.100000000000000006
connection 7 18 -0.207731037400662899 0 0.299999999999999989 0.100000000000000006
connection 8 18 -0.455015551997348666 0 0.299999999999999989 0.100000000000000006
connection 9 18 -0.222960572224110365 0 0.299999999999999989 0.100000000000000006
connection 10 18 -0.183920243754982948 0 0.299999999999999989 0.100000000000000006
connection 11 18 -0.257362252566963434 0 0.299999999999999989 0.100000000000000006
connection 12 18 -0.269407720537856221 0 0.299999999999999989 0.100000000000000006
NNend

